Final Total Training Accuracy: 0.971
Final Validation Training Accuracy: 0.905
Final Training Loss: 0.10828334
Final Validation Loss: 0.3949573

Final Training Confusion Matrix:
[[0.978 0.022 0.    0.    0.    0.    0.    0.    0.    0.    0.   ]
 [0.    0.956 0.    0.    0.    0.011 0.022 0.011 0.    0.    0.   ]
 [0.    0.    0.992 0.    0.    0.    0.    0.    0.    0.    0.008]
 [0.    0.    0.    1.    0.    0.    0.    0.    0.    0.    0.   ]
 [0.    0.    0.    0.017 0.924 0.    0.017 0.    0.    0.017 0.025]
 [0.    0.    0.    0.    0.    1.    0.    0.    0.    0.    0.   ]
 [0.    0.    0.    0.    0.    0.    0.985 0.    0.    0.    0.015]
 [0.    0.    0.    0.    0.    0.    0.    1.    0.    0.    0.   ]
 [0.    0.    0.    0.    0.    0.016 0.    0.    0.984 0.    0.   ]
 [0.    0.    0.    0.    0.    0.    0.    0.    0.    1.    0.   ]
 [0.    0.011 0.    0.011 0.011 0.    0.066 0.    0.    0.022 0.879]]

Final Validation Confusion Matrix:
[[0.955 0.03  0.015 0.    0.    0.    0.    0.    0.    0.    0.   ]
 [0.    0.889 0.    0.    0.011 0.022 0.067 0.    0.    0.    0.011]
 [0.    0.    0.96  0.01  0.    0.    0.    0.01  0.    0.    0.02 ]
 [0.    0.    0.    1.    0.    0.    0.    0.    0.    0.    0.   ]
 [0.    0.017 0.    0.026 0.793 0.017 0.026 0.026 0.017 0.052 0.026]
 [0.    0.    0.    0.    0.009 0.963 0.028 0.    0.    0.    0.   ]
 [0.    0.084 0.011 0.032 0.    0.021 0.821 0.    0.    0.021 0.011]
 [0.    0.    0.    0.    0.    0.    0.    0.983 0.    0.    0.017]
 [0.    0.045 0.    0.    0.    0.    0.06  0.    0.896 0.    0.   ]
 [0.    0.014 0.    0.014 0.    0.    0.014 0.    0.    0.959 0.   ]
 [0.    0.075 0.    0.025 0.    0.087 0.05  0.    0.    0.025 0.738]]